0	51
1	162
1	29
1	298
1	286
2	44
2	70
3	265
3	163
4	245
4	185
4	240
5	138
5	70
6	231
6	35
6	174
7	16
8	282
8	200
8	62
8	11
8	85
8	195
8	130
8	171
9	29
9	150
9	270
9	199
9	256
9	2
9	272
9	4
9	223
10	116
11	121
11	227
12	49
12	170
12	35
14	202
14	15
14	213
14	299
14	132
15	33
15	95
15	78
16	107
16	214
16	175
16	235
17	156
17	18
17	11
18	147
18	147
18	56
18	201
18	269
19	57
20	261
20	27
20	72
21	66
21	144
21	170
21	195
21	46
22	245
22	284
22	101
22	247
22	70
22	184
22	226
22	280
23	228
23	91
23	152
23	29
23	16
23	262
25	70
25	203
25	175
26	19
26	150
26	69
26	101
26	110
26	194
26	28
27	63
28	214
28	128
29	28
29	138
30	191
31	47
31	110
32	230
32	300
33	75
33	138
33	18
33	207
34	212
34	56
34	39
34	113
34	195
34	258
34	51
34	30
35	33
35	57
36	136
36	153
36	185
36	153
37	260
37	227
38	227
38	30
39	223
39	299
39	295
39	285
40	260
40	138
40	70
41	120
41	154
41	151
41	32
42	6
42	132
42	38
42	142
43	194
43	256
43	57
43	45
44	203
44	72
44	149
44	73
45	30
45	227
45	72
45	140
46	278
46	216
46	128
47	191
47	199
47	194
48	47
49	167
50	3
50	271
50	264
51	82
51	267
52	43
52	213
52	259
53	224
53	153
53	54
53	254
53	290
53	132
53	130
54	42
54	36
54	81
54	134
55	89
55	61
56	127
56	124
57	224
57	76
58	231
59	129
59	100
59	164
59	83
60	15
60	214
60	280
61	127
62	116
62	140
62	227
63	274
63	140
63	287
64	15
64	72
64	233
64	212
64	25
64	191
65	111
65	236
66	49
66	45
66	79
66	124
66	163
66	229
66	161
67	163
67	31
68	40
68	95
68	233
69	166
69	214
69	265
69	54
70	292
70	121
70	227
70	129
70	94
70	185
70	57
71	230
71	231
71	12
71	43
71	236
72	108
72	197
72	188
72	1
72	248
73	138
73	182
73	217
73	143
73	180
74	296
74	293
74	255
74	238
75	207
75	216
76	194
76	142
76	159
77	252
77	24
78	49
78	206
78	41
78	246
78	93
80	189
80	66
80	133
81	219
81	9
81	21
82	38
82	278
83	91
83	278
83	93
83	298
84	155
84	181
84	198
85	289
86	3
86	158
86	224
86	179
86	209
86	17
87	265
87	144
87	93
87	22
89	3
89	213
89	248
90	71
90	133
90	222
90	228
90	239
90	231
91	195
91	207
91	183
92	203
93	94
93	129
93	267
93	272
94	53
94	221
94	201
94	118
94	263
95	190
95	46
95	85
96	263
97	268
97	103
97	12
98	294
98	24
99	253
99	155
100	240
100	19
100	155
100	104
100	265
100	52
100	176
101	112
101	31
101	202
101	32
102	193
102	155
102	175
102	227
102	75
103	106
104	133
104	272
104	255
104	90
105	246
105	166
105	231
106	148
106	238
106	290
107	168
107	164
107	41
108	190
108	149
108	87
108	153
108	48
109	88
109	82
109	55
110	296
110	265
110	213
110	257
112	203
112	177
112	270
112	30
112	104
112	261
113	42
113	72
114	3
114	81
114	18
115	59
115	168
115	230
116	140
116	2
116	207
116	130
117	151
117	127
118	109
118	20
119	209
120	25
120	109
120	203
120	260
120	13
120	178
121	125
121	115
123	58
124	138
124	207
125	203
125	228
125	256
126	184
126	210
126	177
126	267
126	73
127	23
127	105
128	245
129	71
129	180
129	97
129	61
130	245
130	147
130	24
130	159
131	130
131	103
131	99
131	163
131	79
132	41
133	135
133	256
133	55
133	155
133	236
134	133
134	68
134	204
134	252
135	261
135	159
135	241
135	258
136	92
136	197
136	107
136	38
137	15
138	227
138	158
138	55
138	5
138	10
138	19
139	73
139	274
139	284
139	174
139	267
139	206
140	204
140	41
140	6
140	298
140	168
141	179
141	173
141	287
141	227
142	53
142	221
142	169
142	87
143	218
143	210
144	248
144	191
144	239
144	91
144	291
145	15
145	134
145	229
145	22
145	186
146	97
146	153
146	155
146	115
147	106
147	186
147	50
148	144
148	96
148	116
148	192
148	228
149	14
149	293
150	162
150	107
151	236
151	273
151	177
151	239
151	158
151	236
151	226
152	46
153	55
153	271
155	142
155	247
156	297
156	72
157	49
157	73
157	139
157	220
157	203
157	81
158	161
158	213
158	14
159	121
159	250
159	289
159	289
159	259
162	54
162	160
162	215
162	48
163	56
163	276
163	13
164	286
164	124
164	75
164	49
164	85
164	104
164	93
165	249
165	118
165	136
165	116
166	197
166	128
167	121
167	84
167	142
167	184
168	3
168	58
168	131
168	197
169	116
169	270
170	158
170	133
170	147
171	128
171	111
171	272
172	126
172	76
172	149
173	91
173	101
173	70
173	190
174	45
174	177
174	29
175	136
176	196
176	261
176	45
177	71
177	180
177	179
177	160
177	258
178	234
180	159
180	291
181	16
181	43
181	137
181	283
181	107
182	18
182	263
182	48
183	36
183	179
183	85
183	185
184	25
184	81
184	286
184	60
184	105
184	240
185	20
185	22
185	146
185	191
186	79
186	37
187	258
187	236
188	131
188	205
188	199
188	161
188	37
188	246
189	257
189	180
189	171
189	110
190	150
190	151
192	114
192	30
192	184
192	72
192	47
192	15
193	48
193	73
194	70
194	31
194	261
195	137
196	94
196	247
196	163
196	275
197	284
197	5
197	270
197	79
197	123
197	130
197	163
198	26
198	177
199	82
199	32
199	286
200	237
200	26
200	90
200	243
201	49
202	7
202	102
202	181
203	120
204	72
204	51
204	146
205	88
205	101
205	82
206	79
206	44
206	300
207	145
207	149
208	211
209	133
209	210
209	241
210	179
210	63
211	229
211	249
212	285
212	99
213	2
214	71
214	104
214	11
214	68
214	19
214	272
215	280
215	233
216	247
216	145
216	162
216	214
216	39
217	249
217	83
217	249
217	69
217	245
218	164
218	62
218	61
219	17
219	230
219	18
219	94
219	275
220	190
220	61
220	22
220	5
220	222
221	160
221	236
222	12
222	40
222	260
222	136
222	161
222	148
222	254
222	88
223	290
223	79
223	185
224	255
225	217
225	205
225	59
226	137
226	154
226	242
226	292
226	252
226	4
227	79
227	113
227	163
228	51
228	202
228	34
228	221
228	32
228	180
229	106
229	199
230	117
230	49
230	125
230	73
231	31
231	26
231	89
231	158
232	85
232	81
232	37
232	271
233	237
233	38
233	271
233	124
233	4
233	228
233	146
233	25
234	265
234	165
234	265
234	54
234	228
235	37
235	14
236	271
236	113
236	197
236	212
237	25
237	140
237	114
237	126
237	178
238	202
238	47
238	139
239	196
239	113
239	149
240	288
240	99
240	105
240	31
240	264
240	108
241	251
241	251
241	205
242	15
242	118
242	30
243	271
243	92
243	225
243	178
243	295
243	254
244	57
244	216
245	88
246	134
246	230
246	60
246	270
246	41
246	78
246	5
247	222
247	150
248	175
248	237
248	192
248	182
248	46
249	39
249	21
249	131
249	129
250	47
250	259
250	138
251	190
251	216
251	38
251	167
251	279
252	225
252	277
252	7
252	136
252	268
253	114
253	156
253	265
253	71
253	252
254	256
255	35
255	210
255	103
255	284
255	209
255	296
256	283
256	162
256	22
256	194
256	93
256	235
257	62
257	144
257	294
258	48
258	111
258	123
259	9
259	118
259	150
260	131
260	163
260	110
261	178
261	296
261	60
261	202
263	13
263	293
263	151
264	211
264	283
264	131
264	145
265	207
265	285
265	260
265	123
266	184
267	181
267	54
267	242
267	294
267	40
267	244
268	29
268	69
269	115
269	57
270	78
270	243
270	284
272	124
272	47
272	22
273	65
273	65
274	19
274	146
274	110
274	201
274	130
274	297
274	127
274	25
275	140
275	225
276	245
276	183
277	191
277	76
277	121
277	10
278	162
278	107
278	242
278	213
279	278
279	181
279	99
280	89
280	211
281	189
281	73
281	70
281	4
281	270
282	232
282	270
282	158
283	173
283	161
283	183
283	127
283	75
283	105
284	6
284	245
284	3
285	200
285	184
286	262
286	92
286	293
286	197
286	298
286	7
287	140
287	236
287	274
287	162
288	88
288	283
288	184
288	261
288	300
289	88
289	293
290	97
290	281
290	119
291	109
291	98
292	50
292	144
292	173
292	106
292	69
292	263
293	283
293	70
294	275
294	206
294	43
294	120
294	271
294	291
295	159
295	158
295	235
295	237
296	62
297	7
297	108
298	138
298	278
298	167
298	44
299	56
299	70
299	138
300	193
300	229
300	16
300	232
300	200
300	232
